.Random.seed <-
c(403L, 10L, 2110080586L, -1805385044L, -1145563729L, -1272613531L, 
-332971236L, 275310450L, 1553677293L, -1302361049L, 167654478L, 
-1393387352L, -2021230933L, 943449033L, 325681112L, 593073798L, 
73813857L, -1149009165L, 1421999458L, 12753876L, -1101996329L, 
-1388583731L, -1327012764L, 1364355658L, -991072331L, -1897983217L, 
834646038L, 1473067712L, 200858755L, -940382047L, 507231888L, 
-67109522L, 1618135833L, 790695851L, 2061528474L, 1616091484L, 
1214427231L, -624197579L, 1833915340L, 1893783330L, 1184819581L, 
-382729609L, 276659102L, 1521134168L, -969047109L, 191415641L, 
1138892520L, 1309220630L, 852209809L, 1631587651L, -1023584174L, 
1250978532L, -504156889L, 1192129917L, -2124948364L, 482494042L, 
-1863220571L, -1510029121L, 1395260230L, -640693808L, -1756636173L, 
199131921L, 674960192L, -1634092258L, 288162793L, 2062518555L, 
-1497029846L, -1805425588L, -632001521L, 1999849285L, -444305156L, 
2035302226L, -1759399731L, 51822727L, -1131076754L, 886625608L, 
1827103051L, 640046249L, 101000696L, 1735527718L, 1185607233L, 
755623891L, 970767746L, -647638604L, -1393853129L, -2141767635L, 
-1617484476L, 269165162L, -269726507L, 1531644527L, -1716699274L, 
1943634080L, 1042356579L, 1433262593L, 473909616L, 1577318670L, 
-621589639L, 472630027L, -1070674886L, -49484996L, 720289919L, 
340222933L, 491818476L, 2101550914L, 920920221L, -1449158377L, 
-1693781890L, 1255950392L, 1631608603L, -1309299591L, 1587197128L, 
-1080765194L, -1649097423L, 749696355L, -1987406030L, 1011597444L, 
1585290439L, -526839907L, 1963670292L, -1498723910L, 544956421L, 
37459423L, 1637378150L, 1906825200L, -1759108845L, 277315249L, 
-1110984352L, 988745470L, 1220635273L, 179307963L, -1616248950L, 
1012164204L, 507860975L, 1091760165L, -942112548L, -1413224782L, 
-1431565907L, -1486684825L, -1675187570L, -2061716632L, -997954709L, 
413553929L, 1102457752L, -809719098L, 1819250721L, -48474957L, 
347751970L, -332498924L, -1081934697L, 1698780813L, -666880092L, 
2114726282L, -1845455371L, -776107953L, 177545046L, -2088307200L, 
1648707395L, -522903839L, -1139704752L, -1174584146L, 1958142041L, 
-1133543317L, 1511962074L, -1836507492L, 719597727L, -102642955L, 
2137249676L, 406976098L, -1343796675L, -874449737L, 1792289630L, 
267062936L, 23457275L, 980004761L, -1093367768L, 1445884118L, 
-582863535L, -1459526653L, 129731474L, 1916987684L, -1878872089L, 
1635365949L, -2008907084L, 1816400154L, 1758421605L, -433862913L, 
1759558534L, -1126359792L, 297571763L, 401557073L, -1790499328L, 
-732863778L, 1478390057L, 324099291L, -487822358L, -1521009780L, 
1720712399L, 1940300933L, 1091727164L, -556569070L, -1434063603L, 
-797166009L, -628036562L, -333876856L, -973690741L, 512672361L, 
971554360L, 18274022L, 1217884801L, 713948691L, -215512638L, 
653009524L, -264158089L, 1265372525L, -1305726460L, 1293947178L, 
1916094101L, 908864815L, -46262218L, -1914360736L, 868663971L, 
-1934166591L, 373637552L, -1526259506L, 182631993L, -1136656309L, 
1182118394L, 1402858748L, 1537573183L, -1963543680L, -647369964L, 
805971240L, -1945063366L, 912004048L, 1448479340L, -1709183948L, 
-101721966L, -1245675168L, -1133306548L, 266735072L, 1995305890L, 
-624272472L, 133950604L, -1925790788L, -1238029198L, -1116862480L, 
1070298180L, 217532504L, -339763142L, 1569525872L, 716375612L, 
262014740L, -1586079038L, -441744672L, 592768124L, -1759187760L, 
-1311999070L, -1213796824L, -550598388L, -1434495044L, 1170233650L, 
-1113997120L, 483029556L, -1829254456L, -400381254L, -232213360L, 
385783532L, -1896448428L, -624032110L, -990165216L, 1040349132L, 
322486496L, 459734722L, -1964166104L, 1560320940L, -724190532L, 
115640818L, 1171904048L, 1842034596L, 2111730104L, 2140373850L, 
1249539216L, 518564732L, 510256916L, -356594366L, -1230049536L, 
-147598404L, 1239928656L, 1416628514L, -187702712L, -2102816756L, 
-403581860L, 120467922L, 1015135744L, -1540841132L, 1234948328L, 
1041195258L, 1717782224L, 2077020460L, 1886150900L, 125177234L, 
1553914208L, 1771689996L, -1108884768L, 214870626L, -280837464L, 
704178764L, -2050494596L, 1381209394L, -1494194576L, -1230146748L, 
1661167576L, -454424710L, 25540144L, 2002970556L, 41006676L, 
570085442L, 571044000L, 1063040700L, -408000048L, 76202850L, 
-292838680L, 800899276L, 1177149948L, 1927016946L, 1657670272L, 
-2138857996L, -128698744L, 1698553658L, -746040496L, 681962604L, 
-661356140L, -59034542L, 1345454560L, 1340759244L, -1206139744L, 
-691538558L, -1941124888L, -1589217556L, 129848636L, 1003162738L, 
506062960L, 1962278948L, -466727880L, -1263063270L, -853644080L, 
-1771913412L, -256448620L, 204559234L, -377468480L, 1653014076L, 
609699216L, 389234210L, 939336968L, 583380620L, -176972004L, 
692633746L, 868268416L, 327509524L, -1600741592L, 115481146L, 
524172752L, -605312660L, 1603306420L, -1594402798L, 1419736544L, 
-1737537588L, 1885855968L, 1779439650L, -206610136L, -298836468L, 
-2101205188L, -2058173454L, -1502831888L, -192360892L, 1301824088L, 
1400753978L, 491054576L, 125523644L, 508868884L, -85245246L, 
-187960224L, -1120074884L, -969205808L, -1053499102L, 1050704552L, 
-1578951796L, -1745438532L, -200741070L, -373118400L, -621445964L, 
-1923997112L, -1223989830L, -1437662704L, 1875702508L, 526000468L, 
-174112494L, -1912713824L, 1393402572L, -1616830880L, 455702466L, 
1670965032L, 1548447660L, 289923900L, -643454606L, -2123662544L, 
1236102436L, 629844792L, 1095573210L, 1888200592L, 517623548L, 
-1034900588L, -1669193662L, -487435008L, -1113816004L, -1479622320L, 
1892880546L, 1591828808L, -1005119732L, -1825783076L, 1587113298L, 
515392640L, -1683316652L, -766472216L, 487762170L, -816469168L, 
-158171348L, 682994036L, -170726510L, 1874339936L, -1671213684L, 
1577868128L, 1913862626L, -1691126872L, 571552972L, -999686148L, 
2122245554L, 1352300016L, 602409924L, 1298834776L, 101603706L, 
1631388592L, 776636860L, -175359916L, 1607743426L, 1808674848L, 
-814008132L, -565210544L, -935742494L, -65011608L, -800471988L, 
-979134212L, -672723982L, -1553413888L, 1398620532L, -770708472L, 
-1083198929L, 841639912L, 1685737670L, 484541811L, 410193365L, 
-250023502L, -519745664L, 851333993L, -2124859429L, 1096974124L, 
1153888570L, -1124151313L, -1525687687L, -1000157938L, -244947748L, 
1665694541L, -494955849L, -1137450944L, 1711235358L, 1548782571L, 
820541293L, -1808351782L, 1864593304L, 116997633L, -385003597L, 
-586219820L, -2033760286L, 1727490679L, -399961151L, 305795398L, 
-615595900L, -1672280523L, -360952289L, -1674479240L, -156174250L, 
1813615843L, -1121664347L, -356090046L, -616194768L, 624663897L, 
-67416373L, -1703336132L, 1801760618L, -2124997217L, -616221655L, 
-276748610L, -191543380L, -1038594819L, 425179207L, -52295888L, 
1266507854L, -51385221L, 1955577821L, -158093814L, 1910666024L, 
238992785L, -824179837L, 1803708548L, 1331103410L, -758343161L, 
-641668527L, 992666070L, -1907520332L, -1961330491L, 1399065103L, 
1141170824L, 476747686L, -47915181L, 590454965L, -37814766L, 
1063099360L, -240865719L, 721562747L, -961753780L, -880674598L, 
-288519985L, -563850087L, -683173714L, -1601780292L, -2076058067L, 
-1781220905L, 1546407968L, 912536958L, 1215769419L, 523301197L, 
-48050310L, 981803448L, -1485651103L, 73061139L, -173462732L, 
-1379129022L, -754619049L, -1287944031L, -734731930L, 2145719140L, 
-808142187L, 1596685247L, 825347928L, -976321162L, -1741592701L, 
-947503675L, -2006170910L, -199988400L, 2090366585L, 1611561387L, 
-63844580L, -1628334006L, 1652624447L, -964588407L, 1870096542L, 
838886732L, -1230584547L, 1745420455L, -1057296432L, -2136037522L, 
1597656603L, -1615743107L, 1338883434L, -867003384L, -2058183503L, 
-1308574941L, -1091221468L, 1307790034L, -229433561L, 1996636529L, 
-1831106634L, -742589612L, -1338866203L, 468746223L, -1524867288L, 
-436607098L, -470232141L, 460665621L, 1283247474L, 924594624L, 
1775313449L, 1949689499L, 620212076L, 838023034L, -643444561L, 
